1215 1504
289 0 1
2 1 0 1 289 XOR
2 1 0 33 290 XOR
2 1 289 290 291 AND
2 1 0 291 292 XOR
2 1 33 289 417 XOR
2 1 292 2 293 XOR
2 1 292 34 294 XOR
2 1 293 294 295 AND
2 1 292 295 296 XOR
2 1 34 293 418 XOR
2 1 296 3 297 XOR
2 1 296 35 298 XOR
2 1 297 298 299 AND
2 1 296 299 300 XOR
2 1 35 297 419 XOR
2 1 300 4 301 XOR
2 1 300 36 302 XOR
2 1 301 302 303 AND
2 1 300 303 304 XOR
2 1 36 301 420 XOR
2 1 304 5 305 XOR
2 1 304 37 306 XOR
2 1 305 306 307 AND
2 1 304 307 308 XOR
2 1 37 305 421 XOR
2 1 308 6 309 XOR
2 1 308 38 310 XOR
2 1 309 310 311 AND
2 1 308 311 312 XOR
2 1 38 309 422 XOR
2 1 312 7 313 XOR
2 1 312 39 314 XOR
2 1 313 314 315 AND
2 1 312 315 316 XOR
2 1 39 313 423 XOR
2 1 316 8 317 XOR
2 1 316 40 318 XOR
2 1 317 318 319 AND
2 1 316 319 320 XOR
2 1 40 317 424 XOR
2 1 320 9 321 XOR
2 1 320 41 322 XOR
2 1 321 322 323 AND
2 1 320 323 324 XOR
2 1 41 321 425 XOR
2 1 324 10 325 XOR
2 1 324 42 326 XOR
2 1 325 326 327 AND
2 1 324 327 328 XOR
2 1 42 325 426 XOR
2 1 328 11 329 XOR
2 1 328 43 330 XOR
2 1 329 330 331 AND
2 1 328 331 332 XOR
2 1 43 329 427 XOR
2 1 332 12 333 XOR
2 1 332 44 334 XOR
2 1 333 334 335 AND
2 1 332 335 336 XOR
2 1 44 333 428 XOR
2 1 336 13 337 XOR
2 1 336 45 338 XOR
2 1 337 338 339 AND
2 1 336 339 340 XOR
2 1 45 337 429 XOR
2 1 340 14 341 XOR
2 1 340 46 342 XOR
2 1 341 342 343 AND
2 1 340 343 344 XOR
2 1 46 341 430 XOR
2 1 344 15 345 XOR
2 1 344 47 346 XOR
2 1 345 346 347 AND
2 1 344 347 348 XOR
2 1 47 345 431 XOR
2 1 348 16 349 XOR
2 1 348 48 350 XOR
2 1 349 350 351 AND
2 1 348 351 352 XOR
2 1 48 349 432 XOR
2 1 352 17 353 XOR
2 1 352 49 354 XOR
2 1 353 354 355 AND
2 1 352 355 356 XOR
2 1 49 353 433 XOR
2 1 356 18 357 XOR
2 1 356 50 358 XOR
2 1 357 358 359 AND
2 1 356 359 360 XOR
2 1 50 357 434 XOR
2 1 360 19 361 XOR
2 1 360 51 362 XOR
2 1 361 362 363 AND
2 1 360 363 364 XOR
2 1 51 361 435 XOR
2 1 364 20 365 XOR
2 1 364 52 366 XOR
2 1 365 366 367 AND
2 1 364 367 368 XOR
2 1 52 365 436 XOR
2 1 368 21 369 XOR
2 1 368 53 370 XOR
2 1 369 370 371 AND
2 1 368 371 372 XOR
2 1 53 369 437 XOR
2 1 372 22 373 XOR
2 1 372 54 374 XOR
2 1 373 374 375 AND
2 1 372 375 376 XOR
2 1 54 373 438 XOR
2 1 376 23 377 XOR
2 1 376 55 378 XOR
2 1 377 378 379 AND
2 1 376 379 380 XOR
2 1 55 377 439 XOR
2 1 380 24 381 XOR
2 1 380 56 382 XOR
2 1 381 382 383 AND
2 1 380 383 384 XOR
2 1 56 381 440 XOR
2 1 384 25 385 XOR
2 1 384 57 386 XOR
2 1 385 386 387 AND
2 1 384 387 388 XOR
2 1 57 385 441 XOR
2 1 388 26 389 XOR
2 1 388 58 390 XOR
2 1 389 390 391 AND
2 1 388 391 392 XOR
2 1 58 389 442 XOR
2 1 392 27 393 XOR
2 1 392 59 394 XOR
2 1 393 394 395 AND
2 1 392 395 396 XOR
2 1 59 393 443 XOR
2 1 396 28 397 XOR
2 1 396 60 398 XOR
2 1 397 398 399 AND
2 1 396 399 400 XOR
2 1 60 397 444 XOR
2 1 400 29 401 XOR
2 1 400 61 402 XOR
2 1 401 402 403 AND
2 1 400 403 404 XOR
2 1 61 401 445 XOR
2 1 404 30 405 XOR
2 1 404 62 406 XOR
2 1 405 406 407 AND
2 1 404 407 408 XOR
2 1 62 405 446 XOR
2 1 408 31 409 XOR
2 1 408 63 410 XOR
2 1 409 410 411 AND
2 1 408 411 412 XOR
2 1 63 409 447 XOR
2 1 412 32 413 XOR
2 1 412 64 414 XOR
2 1 413 414 415 AND
2 1 412 415 416 XOR
2 1 64 413 448 XOR
2 1 0 417 449 XOR
2 1 0 65 450 XOR
2 1 449 450 451 AND
2 1 0 451 452 XOR
2 1 65 449 577 XOR
2 1 452 418 453 XOR
2 1 452 66 454 XOR
2 1 453 454 455 AND
2 1 452 455 456 XOR
2 1 66 453 578 XOR
2 1 456 419 457 XOR
2 1 456 67 458 XOR
2 1 457 458 459 AND
2 1 456 459 460 XOR
2 1 67 457 579 XOR
2 1 460 420 461 XOR
2 1 460 68 462 XOR
2 1 461 462 463 AND
2 1 460 463 464 XOR
2 1 68 461 580 XOR
2 1 464 421 465 XOR
2 1 464 69 466 XOR
2 1 465 466 467 AND
2 1 464 467 468 XOR
2 1 69 465 581 XOR
2 1 468 422 469 XOR
2 1 468 70 470 XOR
2 1 469 470 471 AND
2 1 468 471 472 XOR
2 1 70 469 582 XOR
2 1 472 423 473 XOR
2 1 472 71 474 XOR
2 1 473 474 475 AND
2 1 472 475 476 XOR
2 1 71 473 583 XOR
2 1 476 424 477 XOR
2 1 476 72 478 XOR
2 1 477 478 479 AND
2 1 476 479 480 XOR
2 1 72 477 584 XOR
2 1 480 425 481 XOR
2 1 480 73 482 XOR
2 1 481 482 483 AND
2 1 480 483 484 XOR
2 1 73 481 585 XOR
2 1 484 426 485 XOR
2 1 484 74 486 XOR
2 1 485 486 487 AND
2 1 484 487 488 XOR
2 1 74 485 586 XOR
2 1 488 427 489 XOR
2 1 488 75 490 XOR
2 1 489 490 491 AND
2 1 488 491 492 XOR
2 1 75 489 587 XOR
2 1 492 428 493 XOR
2 1 492 76 494 XOR
2 1 493 494 495 AND
2 1 492 495 496 XOR
2 1 76 493 588 XOR
2 1 496 429 497 XOR
2 1 496 77 498 XOR
2 1 497 498 499 AND
2 1 496 499 500 XOR
2 1 77 497 589 XOR
2 1 500 430 501 XOR
2 1 500 78 502 XOR
2 1 501 502 503 AND
2 1 500 503 504 XOR
2 1 78 501 590 XOR
2 1 504 431 505 XOR
2 1 504 79 506 XOR
2 1 505 506 507 AND
2 1 504 507 508 XOR
2 1 79 505 591 XOR
2 1 508 432 509 XOR
2 1 508 80 510 XOR
2 1 509 510 511 AND
2 1 508 511 512 XOR
2 1 80 509 592 XOR
2 1 512 433 513 XOR
2 1 512 81 514 XOR
2 1 513 514 515 AND
2 1 512 515 516 XOR
2 1 81 513 593 XOR
2 1 516 434 517 XOR
2 1 516 82 518 XOR
2 1 517 518 519 AND
2 1 516 519 520 XOR
2 1 82 517 594 XOR
2 1 520 435 521 XOR
2 1 520 83 522 XOR
2 1 521 522 523 AND
2 1 520 523 524 XOR
2 1 83 521 595 XOR
2 1 524 436 525 XOR
2 1 524 84 526 XOR
2 1 525 526 527 AND
2 1 524 527 528 XOR
2 1 84 525 596 XOR
2 1 528 437 529 XOR
2 1 528 85 530 XOR
2 1 529 530 531 AND
2 1 528 531 532 XOR
2 1 85 529 597 XOR
2 1 532 438 533 XOR
2 1 532 86 534 XOR
2 1 533 534 535 AND
2 1 532 535 536 XOR
2 1 86 533 598 XOR
2 1 536 439 537 XOR
2 1 536 87 538 XOR
2 1 537 538 539 AND
2 1 536 539 540 XOR
2 1 87 537 599 XOR
2 1 540 440 541 XOR
2 1 540 88 542 XOR
2 1 541 542 543 AND
2 1 540 543 544 XOR
2 1 88 541 600 XOR
2 1 544 441 545 XOR
2 1 544 89 546 XOR
2 1 545 546 547 AND
2 1 544 547 548 XOR
2 1 89 545 601 XOR
2 1 548 442 549 XOR
2 1 548 90 550 XOR
2 1 549 550 551 AND
2 1 548 551 552 XOR
2 1 90 549 602 XOR
2 1 552 443 553 XOR
2 1 552 91 554 XOR
2 1 553 554 555 AND
2 1 552 555 556 XOR
2 1 91 553 603 XOR
2 1 556 444 557 XOR
2 1 556 92 558 XOR
2 1 557 558 559 AND
2 1 556 559 560 XOR
2 1 92 557 604 XOR
2 1 560 445 561 XOR
2 1 560 93 562 XOR
2 1 561 562 563 AND
2 1 560 563 564 XOR
2 1 93 561 605 XOR
2 1 564 446 565 XOR
2 1 564 94 566 XOR
2 1 565 566 567 AND
2 1 564 567 568 XOR
2 1 94 565 606 XOR
2 1 568 447 569 XOR
2 1 568 95 570 XOR
2 1 569 570 571 AND
2 1 568 571 572 XOR
2 1 95 569 607 XOR
2 1 572 448 573 XOR
2 1 572 96 574 XOR
2 1 573 574 575 AND
2 1 572 575 576 XOR
2 1 96 573 608 XOR
2 1 0 577 609 XOR
2 1 0 97 610 XOR
2 1 609 610 611 AND
2 1 0 611 612 XOR
2 1 97 609 737 XOR
2 1 612 578 613 XOR
2 1 612 98 614 XOR
2 1 613 614 615 AND
2 1 612 615 616 XOR
2 1 98 613 738 XOR
2 1 616 579 617 XOR
2 1 616 99 618 XOR
2 1 617 618 619 AND
2 1 616 619 620 XOR
2 1 99 617 739 XOR
2 1 620 580 621 XOR
2 1 620 100 622 XOR
2 1 621 622 623 AND
2 1 620 623 624 XOR
2 1 100 621 740 XOR
2 1 624 581 625 XOR
2 1 624 101 626 XOR
2 1 625 626 627 AND
2 1 624 627 628 XOR
2 1 101 625 741 XOR
2 1 628 582 629 XOR
2 1 628 102 630 XOR
2 1 629 630 631 AND
2 1 628 631 632 XOR
2 1 102 629 742 XOR
2 1 632 583 633 XOR
2 1 632 103 634 XOR
2 1 633 634 635 AND
2 1 632 635 636 XOR
2 1 103 633 743 XOR
2 1 636 584 637 XOR
2 1 636 104 638 XOR
2 1 637 638 639 AND
2 1 636 639 640 XOR
2 1 104 637 744 XOR
2 1 640 585 641 XOR
2 1 640 105 642 XOR
2 1 641 642 643 AND
2 1 640 643 644 XOR
2 1 105 641 745 XOR
2 1 644 586 645 XOR
2 1 644 106 646 XOR
2 1 645 646 647 AND
2 1 644 647 648 XOR
2 1 106 645 746 XOR
2 1 648 587 649 XOR
2 1 648 107 650 XOR
2 1 649 650 651 AND
2 1 648 651 652 XOR
2 1 107 649 747 XOR
2 1 652 588 653 XOR
2 1 652 108 654 XOR
2 1 653 654 655 AND
2 1 652 655 656 XOR
2 1 108 653 748 XOR
2 1 656 589 657 XOR
2 1 656 109 658 XOR
2 1 657 658 659 AND
2 1 656 659 660 XOR
2 1 109 657 749 XOR
2 1 660 590 661 XOR
2 1 660 110 662 XOR
2 1 661 662 663 AND
2 1 660 663 664 XOR
2 1 110 661 750 XOR
2 1 664 591 665 XOR
2 1 664 111 666 XOR
2 1 665 666 667 AND
2 1 664 667 668 XOR
2 1 111 665 751 XOR
2 1 668 592 669 XOR
2 1 668 112 670 XOR
2 1 669 670 671 AND
2 1 668 671 672 XOR
2 1 112 669 752 XOR
2 1 672 593 673 XOR
2 1 672 113 674 XOR
2 1 673 674 675 AND
2 1 672 675 676 XOR
2 1 113 673 753 XOR
2 1 676 594 677 XOR
2 1 676 114 678 XOR
2 1 677 678 679 AND
2 1 676 679 680 XOR
2 1 114 677 754 XOR
2 1 680 595 681 XOR
2 1 680 115 682 XOR
2 1 681 682 683 AND
2 1 680 683 684 XOR
2 1 115 681 755 XOR
2 1 684 596 685 XOR
2 1 684 116 686 XOR
2 1 685 686 687 AND
2 1 684 687 688 XOR
2 1 116 685 756 XOR
2 1 688 597 689 XOR
2 1 688 117 690 XOR
2 1 689 690 691 AND
2 1 688 691 692 XOR
2 1 117 689 757 XOR
2 1 692 598 693 XOR
2 1 692 118 694 XOR
2 1 693 694 695 AND
2 1 692 695 696 XOR
2 1 118 693 758 XOR
2 1 696 599 697 XOR
2 1 696 119 698 XOR
2 1 697 698 699 AND
2 1 696 699 700 XOR
2 1 119 697 759 XOR
2 1 700 600 701 XOR
2 1 700 120 702 XOR
2 1 701 702 703 AND
2 1 700 703 704 XOR
2 1 120 701 760 XOR
2 1 704 601 705 XOR
2 1 704 121 706 XOR
2 1 705 706 707 AND
2 1 704 707 708 XOR
2 1 121 705 761 XOR
2 1 708 602 709 XOR
2 1 708 122 710 XOR
2 1 709 710 711 AND
2 1 708 711 712 XOR
2 1 122 709 762 XOR
2 1 712 603 713 XOR
2 1 712 123 714 XOR
2 1 713 714 715 AND
2 1 712 715 716 XOR
2 1 123 713 763 XOR
2 1 716 604 717 XOR
2 1 716 124 718 XOR
2 1 717 718 719 AND
2 1 716 719 720 XOR
2 1 124 717 764 XOR
2 1 720 605 721 XOR
2 1 720 125 722 XOR
2 1 721 722 723 AND
2 1 720 723 724 XOR
2 1 125 721 765 XOR
2 1 724 606 725 XOR
2 1 724 126 726 XOR
2 1 725 726 727 AND
2 1 724 727 728 XOR
2 1 126 725 766 XOR
2 1 728 607 729 XOR
2 1 728 127 730 XOR
2 1 729 730 731 AND
2 1 728 731 732 XOR
2 1 127 729 767 XOR
2 1 732 608 733 XOR
2 1 732 128 734 XOR
2 1 733 734 735 AND
2 1 732 735 736 XOR
2 1 128 733 768 XOR
2 1 0 737 769 XOR
2 1 0 129 770 XOR
2 1 769 770 771 AND
2 1 0 771 772 XOR
2 1 129 769 897 XOR
2 1 772 738 773 XOR
2 1 772 130 774 XOR
2 1 773 774 775 AND
2 1 772 775 776 XOR
2 1 130 773 898 XOR
2 1 776 739 777 XOR
2 1 776 131 778 XOR
2 1 777 778 779 AND
2 1 776 779 780 XOR
2 1 131 777 899 XOR
2 1 780 740 781 XOR
2 1 780 132 782 XOR
2 1 781 782 783 AND
2 1 780 783 784 XOR
2 1 132 781 900 XOR
2 1 784 741 785 XOR
2 1 784 133 786 XOR
2 1 785 786 787 AND
2 1 784 787 788 XOR
2 1 133 785 901 XOR
2 1 788 742 789 XOR
2 1 788 134 790 XOR
2 1 789 790 791 AND
2 1 788 791 792 XOR
2 1 134 789 902 XOR
2 1 792 743 793 XOR
2 1 792 135 794 XOR
2 1 793 794 795 AND
2 1 792 795 796 XOR
2 1 135 793 903 XOR
2 1 796 744 797 XOR
2 1 796 136 798 XOR
2 1 797 798 799 AND
2 1 796 799 800 XOR
2 1 136 797 904 XOR
2 1 800 745 801 XOR
2 1 800 137 802 XOR
2 1 801 802 803 AND
2 1 800 803 804 XOR
2 1 137 801 905 XOR
2 1 804 746 805 XOR
2 1 804 138 806 XOR
2 1 805 806 807 AND
2 1 804 807 808 XOR
2 1 138 805 906 XOR
2 1 808 747 809 XOR
2 1 808 139 810 XOR
2 1 809 810 811 AND
2 1 808 811 812 XOR
2 1 139 809 907 XOR
2 1 812 748 813 XOR
2 1 812 140 814 XOR
2 1 813 814 815 AND
2 1 812 815 816 XOR
2 1 140 813 908 XOR
2 1 816 749 817 XOR
2 1 816 141 818 XOR
2 1 817 818 819 AND
2 1 816 819 820 XOR
2 1 141 817 909 XOR
2 1 820 750 821 XOR
2 1 820 142 822 XOR
2 1 821 822 823 AND
2 1 820 823 824 XOR
2 1 142 821 910 XOR
2 1 824 751 825 XOR
2 1 824 143 826 XOR
2 1 825 826 827 AND
2 1 824 827 828 XOR
2 1 143 825 911 XOR
2 1 828 752 829 XOR
2 1 828 144 830 XOR
2 1 829 830 831 AND
2 1 828 831 832 XOR
2 1 144 829 912 XOR
2 1 832 753 833 XOR
2 1 832 145 834 XOR
2 1 833 834 835 AND
2 1 832 835 836 XOR
2 1 145 833 913 XOR
2 1 836 754 837 XOR
2 1 836 146 838 XOR
2 1 837 838 839 AND
2 1 836 839 840 XOR
2 1 146 837 914 XOR
2 1 840 755 841 XOR
2 1 840 147 842 XOR
2 1 841 842 843 AND
2 1 840 843 844 XOR
2 1 147 841 915 XOR
2 1 844 756 845 XOR
2 1 844 148 846 XOR
2 1 845 846 847 AND
2 1 844 847 848 XOR
2 1 148 845 916 XOR
2 1 848 757 849 XOR
2 1 848 149 850 XOR
2 1 849 850 851 AND
2 1 848 851 852 XOR
2 1 149 849 917 XOR
2 1 852 758 853 XOR
2 1 852 150 854 XOR
2 1 853 854 855 AND
2 1 852 855 856 XOR
2 1 150 853 918 XOR
2 1 856 759 857 XOR
2 1 856 151 858 XOR
2 1 857 858 859 AND
2 1 856 859 860 XOR
2 1 151 857 919 XOR
2 1 860 760 861 XOR
2 1 860 152 862 XOR
2 1 861 862 863 AND
2 1 860 863 864 XOR
2 1 152 861 920 XOR
2 1 864 761 865 XOR
2 1 864 153 866 XOR
2 1 865 866 867 AND
2 1 864 867 868 XOR
2 1 153 865 921 XOR
2 1 868 762 869 XOR
2 1 868 154 870 XOR
2 1 869 870 871 AND
2 1 868 871 872 XOR
2 1 154 869 922 XOR
2 1 872 763 873 XOR
2 1 872 155 874 XOR
2 1 873 874 875 AND
2 1 872 875 876 XOR
2 1 155 873 923 XOR
2 1 876 764 877 XOR
2 1 876 156 878 XOR
2 1 877 878 879 AND
2 1 876 879 880 XOR
2 1 156 877 924 XOR
2 1 880 765 881 XOR
2 1 880 157 882 XOR
2 1 881 882 883 AND
2 1 880 883 884 XOR
2 1 157 881 925 XOR
2 1 884 766 885 XOR
2 1 884 158 886 XOR
2 1 885 886 887 AND
2 1 884 887 888 XOR
2 1 158 885 926 XOR
2 1 888 767 889 XOR
2 1 888 159 890 XOR
2 1 889 890 891 AND
2 1 888 891 892 XOR
2 1 159 889 927 XOR
2 1 892 768 893 XOR
2 1 892 160 894 XOR
2 1 893 894 895 AND
2 1 892 895 896 XOR
2 1 160 893 928 XOR
2 1 0 897 929 XOR
2 1 0 161 930 XOR
2 1 929 930 931 AND
2 1 0 931 932 XOR
2 1 161 929 1057 XOR
2 1 932 898 933 XOR
2 1 932 162 934 XOR
2 1 933 934 935 AND
2 1 932 935 936 XOR
2 1 162 933 1058 XOR
2 1 936 899 937 XOR
2 1 936 163 938 XOR
2 1 937 938 939 AND
2 1 936 939 940 XOR
2 1 163 937 1059 XOR
2 1 940 900 941 XOR
2 1 940 164 942 XOR
2 1 941 942 943 AND
2 1 940 943 944 XOR
2 1 164 941 1060 XOR
2 1 944 901 945 XOR
2 1 944 165 946 XOR
2 1 945 946 947 AND
2 1 944 947 948 XOR
2 1 165 945 1061 XOR
2 1 948 902 949 XOR
2 1 948 166 950 XOR
2 1 949 950 951 AND
2 1 948 951 952 XOR
2 1 166 949 1062 XOR
2 1 952 903 953 XOR
2 1 952 167 954 XOR
2 1 953 954 955 AND
2 1 952 955 956 XOR
2 1 167 953 1063 XOR
2 1 956 904 957 XOR
2 1 956 168 958 XOR
2 1 957 958 959 AND
2 1 956 959 960 XOR
2 1 168 957 1064 XOR
2 1 960 905 961 XOR
2 1 960 169 962 XOR
2 1 961 962 963 AND
2 1 960 963 964 XOR
2 1 169 961 1065 XOR
2 1 964 906 965 XOR
2 1 964 170 966 XOR
2 1 965 966 967 AND
2 1 964 967 968 XOR
2 1 170 965 1066 XOR
2 1 968 907 969 XOR
2 1 968 171 970 XOR
2 1 969 970 971 AND
2 1 968 971 972 XOR
2 1 171 969 1067 XOR
2 1 972 908 973 XOR
2 1 972 172 974 XOR
2 1 973 974 975 AND
2 1 972 975 976 XOR
2 1 172 973 1068 XOR
2 1 976 909 977 XOR
2 1 976 173 978 XOR
2 1 977 978 979 AND
2 1 976 979 980 XOR
2 1 173 977 1069 XOR
2 1 980 910 981 XOR
2 1 980 174 982 XOR
2 1 981 982 983 AND
2 1 980 983 984 XOR
2 1 174 981 1070 XOR
2 1 984 911 985 XOR
2 1 984 175 986 XOR
2 1 985 986 987 AND
2 1 984 987 988 XOR
2 1 175 985 1071 XOR
2 1 988 912 989 XOR
2 1 988 176 990 XOR
2 1 989 990 991 AND
2 1 988 991 992 XOR
2 1 176 989 1072 XOR
2 1 992 913 993 XOR
2 1 992 177 994 XOR
2 1 993 994 995 AND
2 1 992 995 996 XOR
2 1 177 993 1073 XOR
2 1 996 914 997 XOR
2 1 996 178 998 XOR
2 1 997 998 999 AND
2 1 996 999 1000 XOR
2 1 178 997 1074 XOR
2 1 1000 915 1001 XOR
2 1 1000 179 1002 XOR
2 1 1001 1002 1003 AND
2 1 1000 1003 1004 XOR
2 1 179 1001 1075 XOR
2 1 1004 916 1005 XOR
2 1 1004 180 1006 XOR
2 1 1005 1006 1007 AND
2 1 1004 1007 1008 XOR
2 1 180 1005 1076 XOR
2 1 1008 917 1009 XOR
2 1 1008 181 1010 XOR
2 1 1009 1010 1011 AND
2 1 1008 1011 1012 XOR
2 1 181 1009 1077 XOR
2 1 1012 918 1013 XOR
2 1 1012 182 1014 XOR
2 1 1013 1014 1015 AND
2 1 1012 1015 1016 XOR
2 1 182 1013 1078 XOR
2 1 1016 919 1017 XOR
2 1 1016 183 1018 XOR
2 1 1017 1018 1019 AND
2 1 1016 1019 1020 XOR
2 1 183 1017 1079 XOR
2 1 1020 920 1021 XOR
2 1 1020 184 1022 XOR
2 1 1021 1022 1023 AND
2 1 1020 1023 1024 XOR
2 1 184 1021 1080 XOR
2 1 1024 921 1025 XOR
2 1 1024 185 1026 XOR
2 1 1025 1026 1027 AND
2 1 1024 1027 1028 XOR
2 1 185 1025 1081 XOR
2 1 1028 922 1029 XOR
2 1 1028 186 1030 XOR
2 1 1029 1030 1031 AND
2 1 1028 1031 1032 XOR
2 1 186 1029 1082 XOR
2 1 1032 923 1033 XOR
2 1 1032 187 1034 XOR
2 1 1033 1034 1035 AND
2 1 1032 1035 1036 XOR
2 1 187 1033 1083 XOR
2 1 1036 924 1037 XOR
2 1 1036 188 1038 XOR
2 1 1037 1038 1039 AND
2 1 1036 1039 1040 XOR
2 1 188 1037 1084 XOR
2 1 1040 925 1041 XOR
2 1 1040 189 1042 XOR
2 1 1041 1042 1043 AND
2 1 1040 1043 1044 XOR
2 1 189 1041 1085 XOR
2 1 1044 926 1045 XOR
2 1 1044 190 1046 XOR
2 1 1045 1046 1047 AND
2 1 1044 1047 1048 XOR
2 1 190 1045 1086 XOR
2 1 1048 927 1049 XOR
2 1 1048 191 1050 XOR
2 1 1049 1050 1051 AND
2 1 1048 1051 1052 XOR
2 1 191 1049 1087 XOR
2 1 1052 928 1053 XOR
2 1 1052 192 1054 XOR
2 1 1053 1054 1055 AND
2 1 1052 1055 1056 XOR
2 1 192 1053 1088 XOR
2 1 0 1057 1089 XOR
2 1 0 193 1090 XOR
2 1 1089 1090 1091 AND
2 1 0 1091 1092 XOR
2 1 193 1089 1217 XOR
2 1 1092 1058 1093 XOR
2 1 1092 194 1094 XOR
2 1 1093 1094 1095 AND
2 1 1092 1095 1096 XOR
2 1 194 1093 1218 XOR
2 1 1096 1059 1097 XOR
2 1 1096 195 1098 XOR
2 1 1097 1098 1099 AND
2 1 1096 1099 1100 XOR
2 1 195 1097 1219 XOR
2 1 1100 1060 1101 XOR
2 1 1100 196 1102 XOR
2 1 1101 1102 1103 AND
2 1 1100 1103 1104 XOR
2 1 196 1101 1220 XOR
2 1 1104 1061 1105 XOR
2 1 1104 197 1106 XOR
2 1 1105 1106 1107 AND
2 1 1104 1107 1108 XOR
2 1 197 1105 1221 XOR
2 1 1108 1062 1109 XOR
2 1 1108 198 1110 XOR
2 1 1109 1110 1111 AND
2 1 1108 1111 1112 XOR
2 1 198 1109 1222 XOR
2 1 1112 1063 1113 XOR
2 1 1112 199 1114 XOR
2 1 1113 1114 1115 AND
2 1 1112 1115 1116 XOR
2 1 199 1113 1223 XOR
2 1 1116 1064 1117 XOR
2 1 1116 200 1118 XOR
2 1 1117 1118 1119 AND
2 1 1116 1119 1120 XOR
2 1 200 1117 1224 XOR
2 1 1120 1065 1121 XOR
2 1 1120 201 1122 XOR
2 1 1121 1122 1123 AND
2 1 1120 1123 1124 XOR
2 1 201 1121 1225 XOR
2 1 1124 1066 1125 XOR
2 1 1124 202 1126 XOR
2 1 1125 1126 1127 AND
2 1 1124 1127 1128 XOR
2 1 202 1125 1226 XOR
2 1 1128 1067 1129 XOR
2 1 1128 203 1130 XOR
2 1 1129 1130 1131 AND
2 1 1128 1131 1132 XOR
2 1 203 1129 1227 XOR
2 1 1132 1068 1133 XOR
2 1 1132 204 1134 XOR
2 1 1133 1134 1135 AND
2 1 1132 1135 1136 XOR
2 1 204 1133 1228 XOR
2 1 1136 1069 1137 XOR
2 1 1136 205 1138 XOR
2 1 1137 1138 1139 AND
2 1 1136 1139 1140 XOR
2 1 205 1137 1229 XOR
2 1 1140 1070 1141 XOR
2 1 1140 206 1142 XOR
2 1 1141 1142 1143 AND
2 1 1140 1143 1144 XOR
2 1 206 1141 1230 XOR
2 1 1144 1071 1145 XOR
2 1 1144 207 1146 XOR
2 1 1145 1146 1147 AND
2 1 1144 1147 1148 XOR
2 1 207 1145 1231 XOR
2 1 1148 1072 1149 XOR
2 1 1148 208 1150 XOR
2 1 1149 1150 1151 AND
2 1 1148 1151 1152 XOR
2 1 208 1149 1232 XOR
2 1 1152 1073 1153 XOR
2 1 1152 209 1154 XOR
2 1 1153 1154 1155 AND
2 1 1152 1155 1156 XOR
2 1 209 1153 1233 XOR
2 1 1156 1074 1157 XOR
2 1 1156 210 1158 XOR
2 1 1157 1158 1159 AND
2 1 1156 1159 1160 XOR
2 1 210 1157 1234 XOR
2 1 1160 1075 1161 XOR
2 1 1160 211 1162 XOR
2 1 1161 1162 1163 AND
2 1 1160 1163 1164 XOR
2 1 211 1161 1235 XOR
2 1 1164 1076 1165 XOR
2 1 1164 212 1166 XOR
2 1 1165 1166 1167 AND
2 1 1164 1167 1168 XOR
2 1 212 1165 1236 XOR
2 1 1168 1077 1169 XOR
2 1 1168 213 1170 XOR
2 1 1169 1170 1171 AND
2 1 1168 1171 1172 XOR
2 1 213 1169 1237 XOR
2 1 1172 1078 1173 XOR
2 1 1172 214 1174 XOR
2 1 1173 1174 1175 AND
2 1 1172 1175 1176 XOR
2 1 214 1173 1238 XOR
2 1 1176 1079 1177 XOR
2 1 1176 215 1178 XOR
2 1 1177 1178 1179 AND
2 1 1176 1179 1180 XOR
2 1 215 1177 1239 XOR
2 1 1180 1080 1181 XOR
2 1 1180 216 1182 XOR
2 1 1181 1182 1183 AND
2 1 1180 1183 1184 XOR
2 1 216 1181 1240 XOR
2 1 1184 1081 1185 XOR
2 1 1184 217 1186 XOR
2 1 1185 1186 1187 AND
2 1 1184 1187 1188 XOR
2 1 217 1185 1241 XOR
2 1 1188 1082 1189 XOR
2 1 1188 218 1190 XOR
2 1 1189 1190 1191 AND
2 1 1188 1191 1192 XOR
2 1 218 1189 1242 XOR
2 1 1192 1083 1193 XOR
2 1 1192 219 1194 XOR
2 1 1193 1194 1195 AND
2 1 1192 1195 1196 XOR
2 1 219 1193 1243 XOR
2 1 1196 1084 1197 XOR
2 1 1196 220 1198 XOR
2 1 1197 1198 1199 AND
2 1 1196 1199 1200 XOR
2 1 220 1197 1244 XOR
2 1 1200 1085 1201 XOR
2 1 1200 221 1202 XOR
2 1 1201 1202 1203 AND
2 1 1200 1203 1204 XOR
2 1 221 1201 1245 XOR
2 1 1204 1086 1205 XOR
2 1 1204 222 1206 XOR
2 1 1205 1206 1207 AND
2 1 1204 1207 1208 XOR
2 1 222 1205 1246 XOR
2 1 1208 1087 1209 XOR
2 1 1208 223 1210 XOR
2 1 1209 1210 1211 AND
2 1 1208 1211 1212 XOR
2 1 223 1209 1247 XOR
2 1 1212 1088 1213 XOR
2 1 1212 224 1214 XOR
2 1 1213 1214 1215 AND
2 1 1212 1215 1216 XOR
2 1 224 1213 1248 XOR
2 1 0 1217 1249 XOR
2 1 0 225 1250 XOR
2 1 1249 1250 1251 AND
2 1 0 1251 1252 XOR
2 1 225 1249 1377 XOR
2 1 1252 1218 1253 XOR
2 1 1252 226 1254 XOR
2 1 1253 1254 1255 AND
2 1 1252 1255 1256 XOR
2 1 226 1253 1378 XOR
2 1 1256 1219 1257 XOR
2 1 1256 227 1258 XOR
2 1 1257 1258 1259 AND
2 1 1256 1259 1260 XOR
2 1 227 1257 1379 XOR
2 1 1260 1220 1261 XOR
2 1 1260 228 1262 XOR
2 1 1261 1262 1263 AND
2 1 1260 1263 1264 XOR
2 1 228 1261 1380 XOR
2 1 1264 1221 1265 XOR
2 1 1264 229 1266 XOR
2 1 1265 1266 1267 AND
2 1 1264 1267 1268 XOR
2 1 229 1265 1381 XOR
2 1 1268 1222 1269 XOR
2 1 1268 230 1270 XOR
2 1 1269 1270 1271 AND
2 1 1268 1271 1272 XOR
2 1 230 1269 1382 XOR
2 1 1272 1223 1273 XOR
2 1 1272 231 1274 XOR
2 1 1273 1274 1275 AND
2 1 1272 1275 1276 XOR
2 1 231 1273 1383 XOR
2 1 1276 1224 1277 XOR
2 1 1276 232 1278 XOR
2 1 1277 1278 1279 AND
2 1 1276 1279 1280 XOR
2 1 232 1277 1384 XOR
2 1 1280 1225 1281 XOR
2 1 1280 233 1282 XOR
2 1 1281 1282 1283 AND
2 1 1280 1283 1284 XOR
2 1 233 1281 1385 XOR
2 1 1284 1226 1285 XOR
2 1 1284 234 1286 XOR
2 1 1285 1286 1287 AND
2 1 1284 1287 1288 XOR
2 1 234 1285 1386 XOR
2 1 1288 1227 1289 XOR
2 1 1288 235 1290 XOR
2 1 1289 1290 1291 AND
2 1 1288 1291 1292 XOR
2 1 235 1289 1387 XOR
2 1 1292 1228 1293 XOR
2 1 1292 236 1294 XOR
2 1 1293 1294 1295 AND
2 1 1292 1295 1296 XOR
2 1 236 1293 1388 XOR
2 1 1296 1229 1297 XOR
2 1 1296 237 1298 XOR
2 1 1297 1298 1299 AND
2 1 1296 1299 1300 XOR
2 1 237 1297 1389 XOR
2 1 1300 1230 1301 XOR
2 1 1300 238 1302 XOR
2 1 1301 1302 1303 AND
2 1 1300 1303 1304 XOR
2 1 238 1301 1390 XOR
2 1 1304 1231 1305 XOR
2 1 1304 239 1306 XOR
2 1 1305 1306 1307 AND
2 1 1304 1307 1308 XOR
2 1 239 1305 1391 XOR
2 1 1308 1232 1309 XOR
2 1 1308 240 1310 XOR
2 1 1309 1310 1311 AND
2 1 1308 1311 1312 XOR
2 1 240 1309 1392 XOR
2 1 1312 1233 1313 XOR
2 1 1312 241 1314 XOR
2 1 1313 1314 1315 AND
2 1 1312 1315 1316 XOR
2 1 241 1313 1393 XOR
2 1 1316 1234 1317 XOR
2 1 1316 242 1318 XOR
2 1 1317 1318 1319 AND
2 1 1316 1319 1320 XOR
2 1 242 1317 1394 XOR
2 1 1320 1235 1321 XOR
2 1 1320 243 1322 XOR
2 1 1321 1322 1323 AND
2 1 1320 1323 1324 XOR
2 1 243 1321 1395 XOR
2 1 1324 1236 1325 XOR
2 1 1324 244 1326 XOR
2 1 1325 1326 1327 AND
2 1 1324 1327 1328 XOR
2 1 244 1325 1396 XOR
2 1 1328 1237 1329 XOR
2 1 1328 245 1330 XOR
2 1 1329 1330 1331 AND
2 1 1328 1331 1332 XOR
2 1 245 1329 1397 XOR
2 1 1332 1238 1333 XOR
2 1 1332 246 1334 XOR
2 1 1333 1334 1335 AND
2 1 1332 1335 1336 XOR
2 1 246 1333 1398 XOR
2 1 1336 1239 1337 XOR
2 1 1336 247 1338 XOR
2 1 1337 1338 1339 AND
2 1 1336 1339 1340 XOR
2 1 247 1337 1399 XOR
2 1 1340 1240 1341 XOR
2 1 1340 248 1342 XOR
2 1 1341 1342 1343 AND
2 1 1340 1343 1344 XOR
2 1 248 1341 1400 XOR
2 1 1344 1241 1345 XOR
2 1 1344 249 1346 XOR
2 1 1345 1346 1347 AND
2 1 1344 1347 1348 XOR
2 1 249 1345 1401 XOR
2 1 1348 1242 1349 XOR
2 1 1348 250 1350 XOR
2 1 1349 1350 1351 AND
2 1 1348 1351 1352 XOR
2 1 250 1349 1402 XOR
2 1 1352 1243 1353 XOR
2 1 1352 251 1354 XOR
2 1 1353 1354 1355 AND
2 1 1352 1355 1356 XOR
2 1 251 1353 1403 XOR
2 1 1356 1244 1357 XOR
2 1 1356 252 1358 XOR
2 1 1357 1358 1359 AND
2 1 1356 1359 1360 XOR
2 1 252 1357 1404 XOR
2 1 1360 1245 1361 XOR
2 1 1360 253 1362 XOR
2 1 1361 1362 1363 AND
2 1 1360 1363 1364 XOR
2 1 253 1361 1405 XOR
2 1 1364 1246 1365 XOR
2 1 1364 254 1366 XOR
2 1 1365 1366 1367 AND
2 1 1364 1367 1368 XOR
2 1 254 1365 1406 XOR
2 1 1368 1247 1369 XOR
2 1 1368 255 1370 XOR
2 1 1369 1370 1371 AND
2 1 1368 1371 1372 XOR
2 1 255 1369 1407 XOR
2 1 1372 1248 1373 XOR
2 1 1372 256 1374 XOR
2 1 1373 1374 1375 AND
2 1 1372 1375 1376 XOR
2 1 256 1373 1408 XOR
2 1 1377 257 1409 XOR
2 1 1378 258 1410 XOR
2 1 1379 259 1411 XOR
2 1 1380 260 1412 XOR
2 1 1381 261 1413 XOR
2 1 1382 262 1414 XOR
2 1 1383 263 1415 XOR
2 1 1384 264 1416 XOR
2 1 1385 265 1417 XOR
2 1 1386 266 1418 XOR
2 1 1387 267 1419 XOR
2 1 1388 268 1420 XOR
2 1 1389 269 1421 XOR
2 1 1390 270 1422 XOR
2 1 1391 271 1423 XOR
2 1 1392 272 1424 XOR
2 1 1393 273 1425 XOR
2 1 1394 274 1426 XOR
2 1 1395 275 1427 XOR
2 1 1396 276 1428 XOR
2 1 1397 277 1429 XOR
2 1 1398 278 1430 XOR
2 1 1399 279 1431 XOR
2 1 1400 280 1432 XOR
2 1 1401 281 1433 XOR
2 1 1402 282 1434 XOR
2 1 1403 283 1435 XOR
2 1 1404 284 1436 XOR
2 1 1405 285 1437 XOR
2 1 1406 286 1438 XOR
2 1 1407 287 1439 XOR
2 1 1408 288 1440 XOR
1 1 1409 1441 INV
1 1 1410 1442 INV
1 1 1411 1443 INV
1 1 1412 1444 INV
1 1 1413 1445 INV
1 1 1414 1446 INV
1 1 1415 1447 INV
1 1 1416 1448 INV
1 1 1417 1449 INV
1 1 1418 1450 INV
1 1 1419 1451 INV
1 1 1420 1452 INV
1 1 1421 1453 INV
1 1 1422 1454 INV
1 1 1423 1455 INV
1 1 1424 1456 INV
1 1 1425 1457 INV
1 1 1426 1458 INV
1 1 1427 1459 INV
1 1 1428 1460 INV
1 1 1429 1461 INV
1 1 1430 1462 INV
1 1 1431 1463 INV
1 1 1432 1464 INV
1 1 1433 1465 INV
1 1 1434 1466 INV
1 1 1435 1467 INV
1 1 1436 1468 INV
1 1 1437 1469 INV
1 1 1438 1470 INV
1 1 1439 1471 INV
1 1 1440 1472 INV
2 1 1441 1442 1473 AND
2 1 1473 1443 1474 AND
2 1 1474 1444 1475 AND
2 1 1475 1445 1476 AND
2 1 1476 1446 1477 AND
2 1 1477 1447 1478 AND
2 1 1478 1448 1479 AND
2 1 1479 1449 1480 AND
2 1 1480 1450 1481 AND
2 1 1481 1451 1482 AND
2 1 1482 1452 1483 AND
2 1 1483 1453 1484 AND
2 1 1484 1454 1485 AND
2 1 1485 1455 1486 AND
2 1 1486 1456 1487 AND
2 1 1487 1457 1488 AND
2 1 1488 1458 1489 AND
2 1 1489 1459 1490 AND
2 1 1490 1460 1491 AND
2 1 1491 1461 1492 AND
2 1 1492 1462 1493 AND
2 1 1493 1463 1494 AND
2 1 1494 1464 1495 AND
2 1 1495 1465 1496 AND
2 1 1496 1466 1497 AND
2 1 1497 1467 1498 AND
2 1 1498 1468 1499 AND
2 1 1499 1469 1500 AND
2 1 1500 1470 1501 AND
2 1 1501 1471 1502 AND
2 1 1502 1472 1503 AND
