501 503
2 0 1
2 1 0 1 2 AND
2 1 1 2 3 AND
2 1 1 3 4 AND
2 1 1 4 5 AND
2 1 1 5 6 AND
2 1 1 6 7 AND
2 1 1 7 8 AND
2 1 1 8 9 AND
2 1 1 9 10 AND
2 1 1 10 11 AND
2 1 1 11 12 AND
2 1 1 12 13 AND
2 1 1 13 14 AND
2 1 1 14 15 AND
2 1 1 15 16 AND
2 1 1 16 17 AND
2 1 1 17 18 AND
2 1 1 18 19 AND
2 1 1 19 20 AND
2 1 1 20 21 AND
2 1 1 21 22 AND
2 1 1 22 23 AND
2 1 1 23 24 AND
2 1 1 24 25 AND
2 1 1 25 26 AND
2 1 1 26 27 AND
2 1 1 27 28 AND
2 1 1 28 29 AND
2 1 1 29 30 AND
2 1 1 30 31 AND
2 1 1 31 32 AND
2 1 1 32 33 AND
2 1 1 33 34 AND
2 1 1 34 35 AND
2 1 1 35 36 AND
2 1 1 36 37 AND
2 1 1 37 38 AND
2 1 1 38 39 AND
2 1 1 39 40 AND
2 1 1 40 41 AND
2 1 1 41 42 AND
2 1 1 42 43 AND
2 1 1 43 44 AND
2 1 1 44 45 AND
2 1 1 45 46 AND
2 1 1 46 47 AND
2 1 1 47 48 AND
2 1 1 48 49 AND
2 1 1 49 50 AND
2 1 1 50 51 AND
2 1 1 51 52 AND
2 1 1 52 53 AND
2 1 1 53 54 AND
2 1 1 54 55 AND
2 1 1 55 56 AND
2 1 1 56 57 AND
2 1 1 57 58 AND
2 1 1 58 59 AND
2 1 1 59 60 AND
2 1 1 60 61 AND
2 1 1 61 62 AND
2 1 1 62 63 AND
2 1 1 63 64 AND
2 1 1 64 65 AND
2 1 1 65 66 AND
2 1 1 66 67 AND
2 1 1 67 68 AND
2 1 1 68 69 AND
2 1 1 69 70 AND
2 1 1 70 71 AND
2 1 1 71 72 AND
2 1 1 72 73 AND
2 1 1 73 74 AND
2 1 1 74 75 AND
2 1 1 75 76 AND
2 1 1 76 77 AND
2 1 1 77 78 AND
2 1 1 78 79 AND
2 1 1 79 80 AND
2 1 1 80 81 AND
2 1 1 81 82 AND
2 1 1 82 83 AND
2 1 1 83 84 AND
2 1 1 84 85 AND
2 1 1 85 86 AND
2 1 1 86 87 AND
2 1 1 87 88 AND
2 1 1 88 89 AND
2 1 1 89 90 AND
2 1 1 90 91 AND
2 1 1 91 92 AND
2 1 1 92 93 AND
2 1 1 93 94 AND
2 1 1 94 95 AND
2 1 1 95 96 AND
2 1 1 96 97 AND
2 1 1 97 98 AND
2 1 1 98 99 AND
2 1 1 99 100 AND
2 1 1 100 101 AND
2 1 1 101 102 AND
2 1 1 102 103 AND
2 1 1 103 104 AND
2 1 1 104 105 AND
2 1 1 105 106 AND
2 1 1 106 107 AND
2 1 1 107 108 AND
2 1 1 108 109 AND
2 1 1 109 110 AND
2 1 1 110 111 AND
2 1 1 111 112 AND
2 1 1 112 113 AND
2 1 1 113 114 AND
2 1 1 114 115 AND
2 1 1 115 116 AND
2 1 1 116 117 AND
2 1 1 117 118 AND
2 1 1 118 119 AND
2 1 1 119 120 AND
2 1 1 120 121 AND
2 1 1 121 122 AND
2 1 1 122 123 AND
2 1 1 123 124 AND
2 1 1 124 125 AND
2 1 1 125 126 AND
2 1 1 126 127 AND
2 1 1 127 128 AND
2 1 1 128 129 AND
2 1 1 129 130 AND
2 1 1 130 131 AND
2 1 1 131 132 AND
2 1 1 132 133 AND
2 1 1 133 134 AND
2 1 1 134 135 AND
2 1 1 135 136 AND
2 1 1 136 137 AND
2 1 1 137 138 AND
2 1 1 138 139 AND
2 1 1 139 140 AND
2 1 1 140 141 AND
2 1 1 141 142 AND
2 1 1 142 143 AND
2 1 1 143 144 AND
2 1 1 144 145 AND
2 1 1 145 146 AND
2 1 1 146 147 AND
2 1 1 147 148 AND
2 1 1 148 149 AND
2 1 1 149 150 AND
2 1 1 150 151 AND
2 1 1 151 152 AND
2 1 1 152 153 AND
2 1 1 153 154 AND
2 1 1 154 155 AND
2 1 1 155 156 AND
2 1 1 156 157 AND
2 1 1 157 158 AND
2 1 1 158 159 AND
2 1 1 159 160 AND
2 1 1 160 161 AND
2 1 1 161 162 AND
2 1 1 162 163 AND
2 1 1 163 164 AND
2 1 1 164 165 AND
2 1 1 165 166 AND
2 1 1 166 167 AND
2 1 1 167 168 AND
2 1 1 168 169 AND
2 1 1 169 170 AND
2 1 1 170 171 AND
2 1 1 171 172 AND
2 1 1 172 173 AND
2 1 1 173 174 AND
2 1 1 174 175 AND
2 1 1 175 176 AND
2 1 1 176 177 AND
2 1 1 177 178 AND
2 1 1 178 179 AND
2 1 1 179 180 AND
2 1 1 180 181 AND
2 1 1 181 182 AND
2 1 1 182 183 AND
2 1 1 183 184 AND
2 1 1 184 185 AND
2 1 1 185 186 AND
2 1 1 186 187 AND
2 1 1 187 188 AND
2 1 1 188 189 AND
2 1 1 189 190 AND
2 1 1 190 191 AND
2 1 1 191 192 AND
2 1 1 192 193 AND
2 1 1 193 194 AND
2 1 1 194 195 AND
2 1 1 195 196 AND
2 1 1 196 197 AND
2 1 1 197 198 AND
2 1 1 198 199 AND
2 1 1 199 200 AND
2 1 1 200 201 AND
2 1 1 201 202 AND
2 1 1 202 203 AND
2 1 1 203 204 AND
2 1 1 204 205 AND
2 1 1 205 206 AND
2 1 1 206 207 AND
2 1 1 207 208 AND
2 1 1 208 209 AND
2 1 1 209 210 AND
2 1 1 210 211 AND
2 1 1 211 212 AND
2 1 1 212 213 AND
2 1 1 213 214 AND
2 1 1 214 215 AND
2 1 1 215 216 AND
2 1 1 216 217 AND
2 1 1 217 218 AND
2 1 1 218 219 AND
2 1 1 219 220 AND
2 1 1 220 221 AND
2 1 1 221 222 AND
2 1 1 222 223 AND
2 1 1 223 224 AND
2 1 1 224 225 AND
2 1 1 225 226 AND
2 1 1 226 227 AND
2 1 1 227 228 AND
2 1 1 228 229 AND
2 1 1 229 230 AND
2 1 1 230 231 AND
2 1 1 231 232 AND
2 1 1 232 233 AND
2 1 1 233 234 AND
2 1 1 234 235 AND
2 1 1 235 236 AND
2 1 1 236 237 AND
2 1 1 237 238 AND
2 1 1 238 239 AND
2 1 1 239 240 AND
2 1 1 240 241 AND
2 1 1 241 242 AND
2 1 1 242 243 AND
2 1 1 243 244 AND
2 1 1 244 245 AND
2 1 1 245 246 AND
2 1 1 246 247 AND
2 1 1 247 248 AND
2 1 1 248 249 AND
2 1 1 249 250 AND
2 1 1 250 251 AND
2 1 1 251 252 AND
2 1 1 252 253 AND
2 1 1 253 254 AND
2 1 1 254 255 AND
2 1 1 255 256 AND
2 1 1 256 257 AND
2 1 1 257 258 AND
2 1 1 258 259 AND
2 1 1 259 260 AND
2 1 1 260 261 AND
2 1 1 261 262 AND
2 1 1 262 263 AND
2 1 1 263 264 AND
2 1 1 264 265 AND
2 1 1 265 266 AND
2 1 1 266 267 AND
2 1 1 267 268 AND
2 1 1 268 269 AND
2 1 1 269 270 AND
2 1 1 270 271 AND
2 1 1 271 272 AND
2 1 1 272 273 AND
2 1 1 273 274 AND
2 1 1 274 275 AND
2 1 1 275 276 AND
2 1 1 276 277 AND
2 1 1 277 278 AND
2 1 1 278 279 AND
2 1 1 279 280 AND
2 1 1 280 281 AND
2 1 1 281 282 AND
2 1 1 282 283 AND
2 1 1 283 284 AND
2 1 1 284 285 AND
2 1 1 285 286 AND
2 1 1 286 287 AND
2 1 1 287 288 AND
2 1 1 288 289 AND
2 1 1 289 290 AND
2 1 1 290 291 AND
2 1 1 291 292 AND
2 1 1 292 293 AND
2 1 1 293 294 AND
2 1 1 294 295 AND
2 1 1 295 296 AND
2 1 1 296 297 AND
2 1 1 297 298 AND
2 1 1 298 299 AND
2 1 1 299 300 AND
2 1 1 300 301 AND
2 1 1 301 302 AND
2 1 1 302 303 AND
2 1 1 303 304 AND
2 1 1 304 305 AND
2 1 1 305 306 AND
2 1 1 306 307 AND
2 1 1 307 308 AND
2 1 1 308 309 AND
2 1 1 309 310 AND
2 1 1 310 311 AND
2 1 1 311 312 AND
2 1 1 312 313 AND
2 1 1 313 314 AND
2 1 1 314 315 AND
2 1 1 315 316 AND
2 1 1 316 317 AND
2 1 1 317 318 AND
2 1 1 318 319 AND
2 1 1 319 320 AND
2 1 1 320 321 AND
2 1 1 321 322 AND
2 1 1 322 323 AND
2 1 1 323 324 AND
2 1 1 324 325 AND
2 1 1 325 326 AND
2 1 1 326 327 AND
2 1 1 327 328 AND
2 1 1 328 329 AND
2 1 1 329 330 AND
2 1 1 330 331 AND
2 1 1 331 332 AND
2 1 1 332 333 AND
2 1 1 333 334 AND
2 1 1 334 335 AND
2 1 1 335 336 AND
2 1 1 336 337 AND
2 1 1 337 338 AND
2 1 1 338 339 AND
2 1 1 339 340 AND
2 1 1 340 341 AND
2 1 1 341 342 AND
2 1 1 342 343 AND
2 1 1 343 344 AND
2 1 1 344 345 AND
2 1 1 345 346 AND
2 1 1 346 347 AND
2 1 1 347 348 AND
2 1 1 348 349 AND
2 1 1 349 350 AND
2 1 1 350 351 AND
2 1 1 351 352 AND
2 1 1 352 353 AND
2 1 1 353 354 AND
2 1 1 354 355 AND
2 1 1 355 356 AND
2 1 1 356 357 AND
2 1 1 357 358 AND
2 1 1 358 359 AND
2 1 1 359 360 AND
2 1 1 360 361 AND
2 1 1 361 362 AND
2 1 1 362 363 AND
2 1 1 363 364 AND
2 1 1 364 365 AND
2 1 1 365 366 AND
2 1 1 366 367 AND
2 1 1 367 368 AND
2 1 1 368 369 AND
2 1 1 369 370 AND
2 1 1 370 371 AND
2 1 1 371 372 AND
2 1 1 372 373 AND
2 1 1 373 374 AND
2 1 1 374 375 AND
2 1 1 375 376 AND
2 1 1 376 377 AND
2 1 1 377 378 AND
2 1 1 378 379 AND
2 1 1 379 380 AND
2 1 1 380 381 AND
2 1 1 381 382 AND
2 1 1 382 383 AND
2 1 1 383 384 AND
2 1 1 384 385 AND
2 1 1 385 386 AND
2 1 1 386 387 AND
2 1 1 387 388 AND
2 1 1 388 389 AND
2 1 1 389 390 AND
2 1 1 390 391 AND
2 1 1 391 392 AND
2 1 1 392 393 AND
2 1 1 393 394 AND
2 1 1 394 395 AND
2 1 1 395 396 AND
2 1 1 396 397 AND
2 1 1 397 398 AND
2 1 1 398 399 AND
2 1 1 399 400 AND
2 1 1 400 401 AND
2 1 1 401 402 AND
2 1 1 402 403 AND
2 1 1 403 404 AND
2 1 1 404 405 AND
2 1 1 405 406 AND
2 1 1 406 407 AND
2 1 1 407 408 AND
2 1 1 408 409 AND
2 1 1 409 410 AND
2 1 1 410 411 AND
2 1 1 411 412 AND
2 1 1 412 413 AND
2 1 1 413 414 AND
2 1 1 414 415 AND
2 1 1 415 416 AND
2 1 1 416 417 AND
2 1 1 417 418 AND
2 1 1 418 419 AND
2 1 1 419 420 AND
2 1 1 420 421 AND
2 1 1 421 422 AND
2 1 1 422 423 AND
2 1 1 423 424 AND
2 1 1 424 425 AND
2 1 1 425 426 AND
2 1 1 426 427 AND
2 1 1 427 428 AND
2 1 1 428 429 AND
2 1 1 429 430 AND
2 1 1 430 431 AND
2 1 1 431 432 AND
2 1 1 432 433 AND
2 1 1 433 434 AND
2 1 1 434 435 AND
2 1 1 435 436 AND
2 1 1 436 437 AND
2 1 1 437 438 AND
2 1 1 438 439 AND
2 1 1 439 440 AND
2 1 1 440 441 AND
2 1 1 441 442 AND
2 1 1 442 443 AND
2 1 1 443 444 AND
2 1 1 444 445 AND
2 1 1 445 446 AND
2 1 1 446 447 AND
2 1 1 447 448 AND
2 1 1 448 449 AND
2 1 1 449 450 AND
2 1 1 450 451 AND
2 1 1 451 452 AND
2 1 1 452 453 AND
2 1 1 453 454 AND
2 1 1 454 455 AND
2 1 1 455 456 AND
2 1 1 456 457 AND
2 1 1 457 458 AND
2 1 1 458 459 AND
2 1 1 459 460 AND
2 1 1 460 461 AND
2 1 1 461 462 AND
2 1 1 462 463 AND
2 1 1 463 464 AND
2 1 1 464 465 AND
2 1 1 465 466 AND
2 1 1 466 467 AND
2 1 1 467 468 AND
2 1 1 468 469 AND
2 1 1 469 470 AND
2 1 1 470 471 AND
2 1 1 471 472 AND
2 1 1 472 473 AND
2 1 1 473 474 AND
2 1 1 474 475 AND
2 1 1 475 476 AND
2 1 1 476 477 AND
2 1 1 477 478 AND
2 1 1 478 479 AND
2 1 1 479 480 AND
2 1 1 480 481 AND
2 1 1 481 482 AND
2 1 1 482 483 AND
2 1 1 483 484 AND
2 1 1 484 485 AND
2 1 1 485 486 AND
2 1 1 486 487 AND
2 1 1 487 488 AND
2 1 1 488 489 AND
2 1 1 489 490 AND
2 1 1 490 491 AND
2 1 1 491 492 AND
2 1 1 492 493 AND
2 1 1 493 494 AND
2 1 1 494 495 AND
2 1 1 495 496 AND
2 1 1 496 497 AND
2 1 1 497 498 AND
2 1 1 498 499 AND
2 1 1 499 500 AND
2 1 1 500 501 AND
2 1 1 501 502 AND
